Total Initial Energy: -1.4669924742906442e39
Total Current Energy: -1.3432472252209565e39
Energy Change: 9.212395659282477e-2%

Planetary positions:
Sun:        +0000170493.2274 -0000035925.2408
Mercury:    -0015466314.1462 +0096600328.4328
Venus:      +0191742441.4482 +0004468608.4381
Earth:      -0072765695.8526 +0064916422.4046
Mars:       +0246778656.5509 +0052873832.6266
Jupiter:    +0615602890.0197 -0383071956.1472
Saturn:     +1385695193.9315 -0302471796.7102
Uranus:     +2858965460.4255 -0214147158.3731
Neptune:    +4490092480.3704 -0170232868.6892
Pluto:      +5897150078.4839 -0147249609.1479
